   0.0210288   0.0000000   0.0000000   0.0000000   0.0000000   0.0000003   0.0000025   0.0000095   0.0000239   0.0000474   0.0000798
   0.0420577   0.0000000   0.0000000   0.0000000   0.0000000   0.0000005   0.0000035   0.0000121   0.0000291   0.0000558   0.0000915
   0.0630865   0.0000000   0.0000000   0.0000000   0.0000000   0.0000008   0.0000047   0.0000153   0.0000353   0.0000653   0.0001047
   0.0841154   0.0000000   0.0000000   0.0000000   0.0000001   0.0000012   0.0000064   0.0000193   0.0000425   0.0000763   0.0001193
   0.1051442   0.0000000   0.0000000   0.0000000   0.0000001   0.0000017   0.0000085   0.0000242   0.0000511   0.0000888   0.0001356
   0.1261731   0.0000000   0.0000000   0.0000000   0.0000002   0.0000026   0.0000113   0.0000302   0.0000610   0.0001029   0.0001538
   0.1472019   0.0000000   0.0000000   0.0000000   0.0000004   0.0000037   0.0000149   0.0000375   0.0000726   0.0001189   0.0001738
   0.1682308   0.0000000   0.0000000   0.0000000   0.0000006   0.0000054   0.0000194   0.0000462   0.0000860   0.0001369   0.0001959
   0.1892596   0.0000000   0.0000000   0.0000000   0.0000010   0.0000076   0.0000252   0.0000566   0.0001015   0.0001571   0.0002203
   0.2102884   0.0000000   0.0000000   0.0000000   0.0000017   0.0000106   0.0000323   0.0000689   0.0001192   0.0001796   0.0002470
   0.2313173   0.0000000   0.0000000   0.0000001   0.0000027   0.0000147   0.0000412   0.0000835   0.0001393   0.0002046   0.0002761
   0.2523461   0.0000000   0.0000000   0.0000002   0.0000043   0.0000201   0.0000521   0.0001006   0.0001622   0.0002324   0.0003079
   0.2733750   0.0000000   0.0000000   0.0000004   0.0000067   0.0000272   0.0000654   0.0001205   0.0001880   0.0002630   0.0003425
   0.2944038   0.0000000   0.0000000   0.0000009   0.0000101   0.0000364   0.0000815   0.0001435   0.0002170   0.0002967   0.0003799
   0.3154327   0.0000000   0.0000000   0.0000017   0.0000151   0.0000481   0.0001008   0.0001700   0.0002495   0.0003335   0.0004204
   0.3364615   0.0000000   0.0000000   0.0000031   0.0000221   0.0000628   0.0001237   0.0002004   0.0002855   0.0003737   0.0004640
   0.3574904   0.0000000   0.0000001   0.0000056   0.0000318   0.0000812   0.0001508   0.0002348   0.0003255   0.0004175   0.0005109
   0.3785192   0.0000000   0.0000002   0.0000098   0.0000449   0.0001038   0.0001824   0.0002738   0.0003695   0.0004648   0.0005611
   0.3995480   0.0000000   0.0000007   0.0000165   0.0000622   0.0001314   0.0002192   0.0003176   0.0004177   0.0005159   0.0006149
   0.4205769   0.0000000   0.0000018   0.0000269   0.0000847   0.0001645   0.0002615   0.0003664   0.0004703   0.0005708   0.0006722
   0.4416057   0.0000000   0.0000044   0.0000424   0.0001134   0.0002040   0.0003099   0.0004205   0.0005274   0.0006296   0.0007332
   0.4626346   0.0000000   0.0000100   0.0000649   0.0001492   0.0002506   0.0003648   0.0004802   0.0005891   0.0006924   0.0007981
   0.4836634   0.0000000   0.0000210   0.0000961   0.0001933   0.0003049   0.0004266   0.0005456   0.0006555   0.0007593   0.0008668
   0.5046923   0.0000003   0.0000412   0.0001380   0.0002465   0.0003675   0.0004955   0.0006167   0.0007265   0.0008302   0.0009396
   0.5257211   0.0000023   0.0000751   0.0001924   0.0003098   0.0004392   0.0005719   0.0006937   0.0008022   0.0009052   0.0010166
   0.5467499   0.0000128   0.0001281   0.0002604   0.0003839   0.0005203   0.0006559   0.0007765   0.0008825   0.0009844   0.0010978
   0.5677788   0.0000504   0.0002052   0.0003429   0.0004694   0.0006113   0.0007475   0.0008649   0.0009672   0.0010676   0.0011834
   0.5888076   0.0001434   0.0003098   0.0004396   0.0005670   0.0007124   0.0008466   0.0009588   0.0010563   0.0011550   0.0012737
   0.6098365   0.0002995   0.0004423   0.0005500   0.0006771   0.0008237   0.0009530   0.0010579   0.0011497   0.0012465   0.0013687
   0.6308653   0.0004838   0.0005986   0.0006727   0.0008000   0.0009449   0.0010661   0.0011618   0.0012470   0.0013422   0.0014688
   0.6518942   0.0006732   0.0007695   0.0008069   0.0009358   0.0010758   0.0011856   0.0012701   0.0013482   0.0014421   0.0015741
   0.6729230   0.0009243   0.0009413   0.0009520   0.0010847   0.0012155   0.0013106   0.0013823   0.0014530   0.0015463   0.0016850
   0.6939519   0.0012870   0.0010997   0.0011086   0.0012463   0.0013632   0.0014403   0.0014979   0.0015613   0.0016549   0.0018019
   0.7149807   0.0016414   0.0012352   0.0012787   0.0014200   0.0015176   0.0015737   0.0016164   0.0016729   0.0017682   0.0019253
   0.7360095   0.0017491   0.0013505   0.0014652   0.0016048   0.0016771   0.0017098   0.0017371   0.0017876   0.0018862   0.0020555
   0.7570384   0.0015349   0.0014638   0.0016711   0.0017987   0.0018399   0.0018473   0.0018597   0.0019055   0.0020094   0.0021931
   0.7780672   0.0012156   0.0016075   0.0018985   0.0019991   0.0020038   0.0019851   0.0019834   0.0020266   0.0021381   0.0023390
   0.7990961   0.0010651   0.0018186   0.0021473   0.0022028   0.0021666   0.0021219   0.0021081   0.0021509   0.0022728   0.0024937
   0.8201249   0.0011971   0.0021246   0.0024136   0.0024055   0.0023260   0.0022568   0.0022332   0.0022787   0.0024142   0.0026582
   0.8411538   0.0016716   0.0025299   0.0026894   0.0026025   0.0024795   0.0023887   0.0023588   0.0024103   0.0025629   0.0028334
   0.8621826   0.0025727   0.0030080   0.0029627   0.0027885   0.0026250   0.0025168   0.0024848   0.0025463   0.0027199   0.0030204
   0.8832115   0.0037983   0.0035045   0.0032185   0.0029587   0.0027607   0.0026407   0.0026113   0.0026875   0.0028861   0.0032205
   0.9042403   0.0049412   0.0039510   0.0034413   0.0031084   0.0028850   0.0027601   0.0027390   0.0028346   0.0030628   0.0034348
   0.9252691   0.0055639   0.0042831   0.0036171   0.0032340   0.0029970   0.0028751   0.0028684   0.0029887   0.0032512   0.0036649
   0.9462980   0.0055833   0.0044581   0.0037360   0.0033331   0.0030965   0.0029863   0.0030005   0.0031513   0.0034529   0.0039124
   0.9673268   0.0052698   0.0044647   0.0037938   0.0034053   0.0031839   0.0030946   0.0031367   0.0033237   0.0036695   0.0041789
   0.9883557   0.0048357   0.0043228   0.0037928   0.0034516   0.0032605   0.0032014   0.0032787   0.0035079   0.0039030   0.0044663
   1.0093845   0.0042527   0.0040749   0.0037413   0.0034750   0.0033285   0.0033088   0.0034282   0.0037059   0.0041554   0.0047766
   1.0304134   0.0035674   0.0037741   0.0036524   0.0034801   0.0033905   0.0034189   0.0035876   0.0039199   0.0044288   0.0051117
   1.0514422   0.0030378   0.0034717   0.0035419   0.0034729   0.0034501   0.0035346   0.0037596   0.0041525   0.0047258   0.0054740
   1.0724711   0.0027828   0.0032089   0.0034258   0.0034602   0.0035116   0.0036592   0.0039470   0.0044064   0.0050488   0.0058656
   1.0934999   0.0026408   0.0030122   0.0033191   0.0034494   0.0035795   0.0037963   0.0041532   0.0046848   0.0054007   0.0062889
   1.1145287   0.0024906   0.0028928   0.0032336   0.0034484   0.0036590   0.0039498   0.0043816   0.0049907   0.0057842   0.0067465
   1.1355576   0.0024236   0.0028478   0.0031783   0.0034647   0.0037555   0.0041242   0.0046361   0.0053277   0.0062024   0.0072408
   1.1565864   0.0025696   0.0028639   0.0031588   0.0035054   0.0038744   0.0043240   0.0049210   0.0056995   0.0066583   0.0077744
   1.1776153   0.0029106   0.0029216   0.0031789   0.0035772   0.0040214   0.0045542   0.0052405   0.0061098   0.0071553   0.0083500
   1.1986441   0.0032461   0.0030022   0.0032412   0.0036863   0.0042020   0.0048198   0.0055992   0.0065626   0.0076965   0.0089700
   1.2196730   0.0033451   0.0030937   0.0033486   0.0038382   0.0044220   0.0051262   0.0060020   0.0070619   0.0082852   0.0096371
   1.2407018   0.0032029   0.0031965   0.0035048   0.0040380   0.0046867   0.0054789   0.0064538   0.0076120   0.0089248   0.0103540
   1.2617307   0.0030658   0.0033238   0.0037145   0.0042903   0.0050018   0.0058835   0.0069596   0.0082170   0.0096185   0.0111230
   1.2827595   0.0031160   0.0034982   0.0039834   0.0045993   0.0053728   0.0063457   0.0075247   0.0088810   0.0103695   0.0119466
   1.3037883   0.0032769   0.0037463   0.0043173   0.0049689   0.0058052   0.0068715   0.0081541   0.0096084   0.0111811   0.0128272
   1.3248172   0.0034699   0.0040918   0.0047212   0.0054030   0.0063049   0.0074670   0.0088532   0.0104030   0.0120562   0.0137669
   1.3458460   0.0038504   0.0045505   0.0051983   0.0059057   0.0068778   0.0081380   0.0096270   0.0112688   0.0129976   0.0147676
   1.3668749   0.0045491   0.0051283   0.0057497   0.0064812   0.0075301   0.0088909   0.0104805   0.0122095   0.0140080   0.0158314
   1.3879037   0.0054318   0.0058203   0.0063743   0.0071343   0.0082685   0.0097317   0.0114186   0.0132287   0.0150897   0.0169598
   1.4089326   0.0063033   0.0066108   0.0070701   0.0078710   0.0090999   0.0106663   0.0124457   0.0143293   0.0162450   0.0181542
   1.4299614   0.0071221   0.0074739   0.0078354   0.0086984   0.0100317   0.0117009   0.0135661   0.0155144   0.0174755   0.0194158
   1.4509903   0.0080634   0.0083749   0.0086711   0.0096248   0.0110714   0.0128409   0.0147837   0.0167862   0.0187828   0.0207455
   1.4720191   0.0093929   0.0092771   0.0095829   0.0106602   0.0122267   0.0140916   0.0161016   0.0181467   0.0201680   0.0221438
   1.4930479   0.0109641   0.0101547   0.0105830   0.0118160   0.0135054   0.0154579   0.0175226   0.0195974   0.0216318   0.0236112
   1.5140768   0.0120908   0.0110102   0.0116908   0.0131045   0.0149148   0.0169438   0.0190488   0.0211391   0.0231744   0.0251477
   1.5351056   0.0122888   0.0118884   0.0129321   0.0145386   0.0164619   0.0185527   0.0206815   0.0227721   0.0247958   0.0267529
   1.5561345   0.0118745   0.0128760   0.0143371   0.0161309   0.0181526   0.0202869   0.0224211   0.0244960   0.0264953   0.0284263
   1.5771633   0.0117104   0.0140840   0.0159369   0.0178931   0.0199918   0.0221477   0.0242673   0.0263101   0.0282719   0.0301670
   1.5981922   0.0126137   0.0156167   0.0177592   0.0198347   0.0219828   0.0241351   0.0262187   0.0282125   0.0301242   0.0319737
   1.6192210   0.0149331   0.0175447   0.0198246   0.0219629   0.0241269   0.0262477   0.0282731   0.0302012   0.0320501   0.0338451
   1.6402498   0.0183368   0.0198930   0.0221434   0.0242811   0.0264234   0.0284825   0.0304273   0.0322731   0.0340475   0.0357793
   1.6612787   0.0219473   0.0226472   0.0247140   0.0267894   0.0288692   0.0308353   0.0326769   0.0344248   0.0361136   0.0377742
   1.6823075   0.0249868   0.0257670   0.0275237   0.0294836   0.0314586   0.0332999   0.0350168   0.0366523   0.0382453   0.0398278
   1.7033364   0.0275522   0.0291917   0.0305514   0.0323555   0.0341831   0.0358689   0.0374411   0.0389508   0.0404392   0.0419374
   1.7243652   0.0306513   0.0328347   0.0337716   0.0353929   0.0370319   0.0385333   0.0399427   0.0413153   0.0426916   0.0441005
   1.7453941   0.0353500   0.0365789   0.0371588   0.0385799   0.0399914   0.0412829   0.0425142   0.0437403   0.0449986   0.0463143
   1.7664229   0.0417197   0.0402956   0.0406910   0.0418969   0.0430459   0.0441061   0.0451474   0.0462199   0.0473561   0.0485757
   1.7874518   0.0480576   0.0438943   0.0443512   0.0453206   0.0461774   0.0469906   0.0478337   0.0487483   0.0497597   0.0508820
   1.8084806   0.0515372   0.0473832   0.0481257   0.0488249   0.0493669   0.0499233   0.0505640   0.0513190   0.0522052   0.0532300
   1.8295094   0.0511158   0.0508985   0.0519990   0.0523805   0.0525939   0.0528910   0.0533295   0.0539260   0.0546883   0.0556167
   1.8505383   0.0494810   0.0546639   0.0559481   0.0559558   0.0558377   0.0558802   0.0561211   0.0565629   0.0572046   0.0580392
   1.8715671   0.0508823   0.0588836   0.0599363   0.0595181   0.0590780   0.0588776   0.0589299   0.0592239   0.0597500   0.0604945
   1.8925960   0.0573056   0.0636160   0.0639100   0.0630344   0.0622951   0.0618710   0.0617476   0.0619032   0.0623205   0.0629798
   1.9136248   0.0671854   0.0686988   0.0678006   0.0664734   0.0654711   0.0648485   0.0645663   0.0645952   0.0649123   0.0654924
   1.9346537   0.0776874   0.0737735   0.0715309   0.0698069   0.0685903   0.0677998   0.0673789   0.0672952   0.0675220   0.0680300
   1.9556825   0.0866406   0.0784009   0.0750275   0.0730121   0.0716396   0.0707160   0.0701790   0.0699985   0.0701463   0.0705901
   1.9767114   0.0916819   0.0822143   0.0782327   0.0760729   0.0746091   0.0735896   0.0729613   0.0727014   0.0727825   0.0731708
   1.9977402   0.0913499   0.0850343   0.0811167   0.0789811   0.0774921   0.0764150   0.0757215   0.0754007   0.0754282   0.0757703
   2.0187690   0.0883385   0.0869038   0.0836842   0.0817367   0.0802853   0.0791885   0.0784562   0.0780937   0.0780815   0.0783871
   2.0397979   0.0875164   0.0880478   0.0859737   0.0843473   0.0829887   0.0819080   0.0811635   0.0807787   0.0807408   0.0810200
   2.0608267   0.0896594   0.0887959   0.0880510   0.0868274   0.0856053   0.0845734   0.0838423   0.0834547   0.0834050   0.0836679
   2.0818556   0.0905301   0.0895063   0.0899964   0.0891960   0.0881406   0.0871862   0.0864928   0.0861212   0.0860737   0.0863305
   2.1028844   0.0876035   0.0905023   0.0918900   0.0914748   0.0906023   0.0897495   0.0891163   0.0887786   0.0887467   0.0890072
   2.1239133   0.0846860   0.0920128   0.0937985   0.0936858   0.0929997   0.0922680   0.0917151   0.0914279   0.0914243   0.0916982
   2.1449421   0.0870493   0.0941187   0.0957655   0.0958497   0.0953432   0.0947473   0.0942923   0.0940708   0.0941074   0.0944037
   2.1659710   0.0945223   0.0967278   0.0978085   0.0979842   0.0976439   0.0971942   0.0968522   0.0967097   0.0967970   0.0971243
   2.1869998   0.1024197   0.0996045   0.0999214   0.1001036   0.0999130   0.0996165   0.0993994   0.0993473   0.0994947   0.0998608
   2.2080286   0.1072824   0.1024590   0.1020820   0.1022188   0.1021620   0.1020224   0.1019394   0.1019868   0.1022025   0.1026144
   2.2290575   0.1092799   0.1050575   0.1042611   0.1043374   0.1044020   0.1044208   0.1044781   0.1046320   0.1049224   0.1053864
   2.2500863   0.1099699   0.1073034   0.1064324   0.1064654   0.1066439   0.1068208   0.1070218   0.1072867   0.1076569   0.1081783
   2.2711152   0.1097656   0.1092478   0.1085783   0.1086081   0.1088983   0.1092314   0.1095770   0.1099552   0.1104086   0.1109919
   2.2921440   0.1088798   0.1110337   0.1106935   0.1107707   0.1111757   0.1116620   0.1121502   0.1126417   0.1131804   0.1138292
   2.3131729   0.1093150   0.1128093   0.1127851   0.1129602   0.1134862   0.1141216   0.1147478   0.1153505   0.1159750   0.1166921
   2.3342017   0.1128510   0.1146622   0.1148696   0.1151849   0.1158400   0.1166190   0.1173763   0.1180860   0.1187956   0.1195830
   2.3552306   0.1180047   0.1166043   0.1169698   0.1174553   0.1182471   0.1191623   0.1200417   0.1208524   0.1216450   0.1225040
   2.3762594   0.1215313   0.1186076   0.1191114   0.1197837   0.1207171   0.1217594   0.1227495   0.1236536   0.1245262   0.1254577
   2.3972882   0.1219529   0.1206553   0.1213206   0.1221836   0.1232595   0.1244172   0.1255050   0.1264935   0.1274423   0.1284466
   2.4183171   0.1208681   0.1227698   0.1236219   0.1246695   0.1258832   0.1271421   0.1283126   0.1293755   0.1303962   0.1314730
   2.4393459   0.1215062   0.1250033   0.1260381   0.1272557   0.1285965   0.1299393   0.1311764   0.1323030   0.1333905   0.1345398
   2.4603748   0.1253914   0.1274063   0.1285888   0.1299559   0.1314063   0.1328130   0.1340994   0.1352786   0.1364281   0.1376496
   2.4814036   0.1305471   0.1300058   0.1312908   0.1327824   0.1343185   0.1357663   0.1370843   0.1383050   0.1395117   0.1408050
   2.5024325   0.1341507   0.1328088   0.1341579   0.1357453   0.1373371   0.1388011   0.1401326   0.1413844   0.1426437   0.1440089
   2.5234613   0.1356912   0.1358196   0.1372005   0.1388520   0.1404640   0.1419179   0.1432456   0.1445185   0.1458267   0.1472640
   2.5444901   0.1365212   0.1390459   0.1404264   0.1421066   0.1436993   0.1451160   0.1464236   0.1477089   0.1490630   0.1505733
   2.5655190   0.1387809   0.1424876   0.1438405   0.1455094   0.1470404   0.1483935   0.1496662   0.1509571   0.1523550   0.1539398
   2.5865478   0.1443823   0.1461220   0.1474453   0.1490564   0.1504823   0.1517473   0.1529728   0.1542640   0.1557052   0.1573664
   2.6075767   0.1520219   0.1499116   0.1512400   0.1527389   0.1540178   0.1551733   0.1563422   0.1576308   0.1591160   0.1608564
   2.6286055   0.1571916   0.1538372   0.1552193   0.1565436   0.1576376   0.1586665   0.1597730   0.1610585   0.1625899   0.1644131
   2.6496344   0.1578963   0.1579305   0.1593707   0.1604527   0.1613305   0.1622215   0.1632635   0.1645480   0.1661294   0.1680398
   2.6706632   0.1579034   0.1622718   0.1636721   0.1644440   0.1650840   0.1658324   0.1668122   0.1681006   0.1697374   0.1717402
   2.6916921   0.1617703   0.1669428   0.1680889   0.1684923   0.1688847   0.1694932   0.1704179   0.1717177   0.1734169   0.1755180
   2.7127209   0.1692024   0.1719610   0.1725738   0.1725703   0.1727195   0.1731986   0.1740794   0.1754011   0.1771712   0.1793771
   2.7337497   0.1771714   0.1772367   0.1770679   0.1766503   0.1765756   0.1769435   0.1777965   0.1791530   0.1810038   0.1833217
   2.7547786   0.1843193   0.1825790   0.1815055   0.1807060   0.1804417   0.1807242   0.1815695   0.1829759   0.1849186   0.1873561
   2.7758074   0.1906716   0.1877457   0.1858219   0.1847148   0.1843084   0.1845382   0.1853995   0.1868732   0.1889198   0.1914849
   2.7968363   0.1960858   0.1925060   0.1899618   0.1886592   0.1881694   0.1883845   0.1892890   0.1908487   0.1930121   0.1957129
   2.8178651   0.2002423   0.1966912   0.1938886   0.1925283   0.1920211   0.1922643   0.1932412   0.1949071   0.1972005   0.2000450
   2.8388940   0.2032208   0.2002232   0.1975907   0.1963192   0.1958639   0.1961805   0.1972607   0.1990535   0.2014905   0.2044864
   2.8599228   0.2059141   0.2031269   0.2010842   0.2000366   0.1997019   0.2001384   0.2013535   0.2032941   0.2058879   0.2090425
   2.8809517   0.2085927   0.2055351   0.2044108   0.2036931   0.2035432   0.2041456   0.2055267   0.2076356   0.2103990   0.2137188
   2.9019805   0.2096808   0.2076811   0.2076303   0.2073078   0.2073997   0.2082117   0.2097887   0.2120855   0.2150305   0.2185210
   2.9230093   0.2082128   0.2098643   0.2108113   0.2109053   0.2112868   0.2123487   0.2141492   0.2166519   0.2197892   0.2234548
   2.9440382   0.2064269   0.2123805   0.2140202   0.2145143   0.2152233   0.2165704   0.2186190   0.2213438   0.2246825   0.2285261
   2.9650670   0.2079276   0.2154296   0.2173123   0.2181657   0.2192308   0.2208924   0.2232098   0.2261704   0.2297179   0.2337407
   2.9860959   0.2140727   0.2190439   0.2207266   0.2218920   0.2233333   0.2253317   0.2279343   0.2311415   0.2349029   0.2391043
   3.0071247   0.2231123   0.2230792   0.2242864   0.2257262   0.2275565   0.2299066   0.2328057   0.2362674   0.2402453   0.2446225
   3.0281536   0.2316716   0.2272848   0.2280032   0.2297014   0.2319271   0.2346361   0.2378380   0.2415584   0.2457529   0.2503009
   3.0491824   0.2367979   0.2314213   0.2318843   0.2338510   0.2364726   0.2395394   0.2430453   0.2470251   0.2514332   0.2561445
   3.0702113   0.2380639   0.2353670   0.2359412   0.2382086   0.2412202   0.2446359   0.2484416   0.2526778   0.2572938   0.2621583
   3.0912401   0.2380371   0.2391609   0.2401952   0.2428080   0.2461966   0.2499446   0.2540411   0.2585271   0.2633416   0.2683467
   3.1122689   0.2398017   0.2429711   0.2446811   0.2476830   0.2514270   0.2554837   0.2598575   0.2645827   0.2695835   0.2747135
   3.1332978   0.2439836   0.2470172   0.2494466   0.2528673   0.2569346   0.2612705   0.2659039   0.2708543   0.2760254   0.2812622
   3.1543266   0.2490044   0.2514923   0.2545490   0.2583927   0.2627401   0.2673209   0.2721928   0.2773506   0.2826729   0.2879954
   3.1753555   0.2537406   0.2565159   0.2600503   0.2642884   0.2688611   0.2736491   0.2787357   0.2840798   0.2895306   0.2949149
   3.1963843   0.2586919   0.2621263   0.2660116   0.2705788   0.2753119   0.2802678   0.2855430   0.2910488   0.2966023   0.3020218
   3.2174132   0.2652290   0.2683077   0.2724881   0.2772818   0.2821031   0.2871881   0.2926240   0.2982637   0.3038906   0.3093162
   3.2384420   0.2740715   0.2750395   0.2795228   0.2844072   0.2892415   0.2944190   0.2999865   0.3057292   0.3113971   0.3167972
   3.2594709   0.2831169   0.2823510   0.2871419   0.2919553   0.2967308   0.3019679   0.3076369   0.3134485   0.3191220   0.3244628
   3.2804997   0.2891305   0.2903516   0.2953489   0.2999164   0.3045714   0.3098406   0.3155799   0.3214234   0.3270642   0.3323099
   3.3015285   0.2931601   0.2992087   0.3041199   0.3082717   0.3127616   0.3180411   0.3238185   0.3296539   0.3352212   0.3403342
   3.3225574   0.2995346   0.3090618   0.3134002   0.3169945   0.3212978   0.3265719   0.3323537   0.3381383   0.3435887   0.3485300
   3.3435862   0.3104810   0.3199074   0.3231059   0.3260537   0.3301762   0.3354341   0.3411847   0.3468727   0.3521611   0.3568906
   3.3646151   0.3265224   0.3315198   0.3331286   0.3354168   0.3393931   0.3446273   0.3503082   0.3558513   0.3609307   0.3654078
   3.3856439   0.3465984   0.3434690   0.3433475   0.3450555   0.3489460   0.3541492   0.3597188   0.3650663   0.3698885   0.3740722
   3.4066728   0.3649329   0.3552434   0.3536443   0.3549492   0.3588337   0.3639961   0.3694087   0.3745073   0.3790233   0.3828731
   3.4277016   0.3759808   0.3664238   0.3639220   0.3650902   0.3690570   0.3741620   0.3793672   0.3841619   0.3883226   0.3917984
   3.4487304   0.3818721   0.3768140   0.3741230   0.3754856   0.3796177   0.3846386   0.3895809   0.3940152   0.3977717   0.4008349
   3.4697593   0.3876137   0.3864603   0.3842442   0.3861594   0.3905185   0.3954147   0.4000336   0.4040501   0.4073544   0.4099682
   3.4907881   0.3935839   0.3955545   0.3943476   0.3971499   0.4017610   0.4064757   0.4107059   0.4142468   0.4170528   0.4191827
   3.5118170   0.3997758   0.4042961   0.4045629   0.4085069   0.4133439   0.4178031   0.4215752   0.4245836   0.4268474   0.4284618
   3.5328458   0.4103790   0.4128165   0.4150813   0.4202841   0.4252615   0.4293742   0.4326158   0.4350363   0.4367174   0.4377881
   3.5538747   0.4263561   0.4212425   0.4261381   0.4325313   0.4375010   0.4411612   0.4437987   0.4455787   0.4466403   0.4471433
   3.5749035   0.4400306   0.4298783   0.4379840   0.4452841   0.4500406   0.4531314   0.4550918   0.4561828   0.4565928   0.4565084
   3.5959324   0.4432474   0.4393837   0.4508455   0.4585547   0.4628479   0.4652467   0.4664601   0.4668186   0.4665504   0.4658639
   3.6169612   0.4370990   0.4507796   0.4648805   0.4723240   0.4758787   0.4774638   0.4778659   0.4774546   0.4764878   0.4751900
   3.6379900   0.4323729   0.4651860   0.4801338   0.4865357   0.4890765   0.4897343   0.4892688   0.4880584   0.4863794   0.4844667
   3.6590189   0.4430061   0.4833566   0.4965065   0.5010954   0.5023735   0.5020056   0.5006267   0.4985964   0.4961989   0.4936740
   3.6800477   0.4762374   0.5052284   0.5137449   0.5158733   0.5156913   0.5142208   0.5118958   0.5090346   0.5059203   0.5027920
   3.7010766   0.5250167   0.5297352   0.5314585   0.5307114   0.5289437   0.5263207   0.5230313   0.5193386   0.5155177   0.5118015
   3.7221054   0.5726782   0.5550100   0.5491651   0.5454340   0.5420389   0.5382438   0.5339880   0.5294747   0.5249658   0.5206834
   3.7431343   0.6079994   0.5788994   0.5663564   0.5598602   0.5548834   0.5499284   0.5447211   0.5394095   0.5342400   0.5294198
   3.7641631   0.6308299   0.5995664   0.5825711   0.5738177   0.5673846   0.5613133   0.5551865   0.5491108   0.5433168   0.5379935
   3.7851920   0.6435988   0.6159442   0.5974587   0.5871540   0.5794545   0.5723391   0.5653419   0.5585482   0.5521744   0.5463887
   3.8062208   0.6480850   0.6279095   0.6108215   0.5997455   0.5910124   0.5829500   0.5751474   0.5676930   0.5607924   0.5545908
   3.8272496   0.6479719   0.6361761   0.6226243   0.6115026   0.6019870   0.5930941   0.5845660   0.5765193   0.5691525   0.5625867
   3.8482785   0.6451471   0.6419965   0.6329732   0.6223702   0.6123180   0.6027251   0.5935644   0.5850037   0.5772386   0.5703649
   3.8693073   0.6397456   0.6467805   0.6420705   0.6323246   0.6219568   0.6118028   0.6021136   0.5931262   0.5850370   0.5779159
   3.8903362   0.6365288   0.6517275   0.6501573   0.6413674   0.6308670   0.6202939   0.6101892   0.6008704   0.5925367   0.5852317
   3.9113650   0.6424572   0.6575598   0.6574580   0.6495171   0.6390233   0.6281725   0.6177723   0.6082238   0.5997296   0.5923067
   3.9323939   0.6582224   0.6644192   0.6641397   0.6568011   0.6464114   0.6354201   0.6248493   0.6151778   0.6066103   0.5991370
   3.9534227   0.6766449   0.6719465   0.6702899   0.6632487   0.6530262   0.6420263   0.6314125   0.6217282   0.6131767   0.6057209
   3.9744516   0.6891178   0.6794987   0.6759171   0.6688860   0.6588713   0.6479885   0.6374603   0.6278753   0.6194295   0.6120588
   3.9954804   0.6941164   0.6864057   0.6809662   0.6737330   0.6639582   0.6533120   0.6429974   0.6336238   0.6253728   0.6181529
   4.0165092   0.6979617   0.6921670   0.6853446   0.6778044   0.6683048   0.6580096   0.6480344   0.6389829   0.6310134   0.6240076
   4.0375381   0.7043763   0.6965362   0.6889491   0.6811113   0.6719358   0.6621018   0.6525881   0.6439662   0.6363612   0.6296290
   4.0585669   0.7081261   0.6994982   0.6916888   0.6836650   0.6748821   0.6656160   0.6566813   0.6485913   0.6414290   0.6350250
   4.0795958   0.7047491   0.7011782   0.6935013   0.6854818   0.6771811   0.6685869   0.6603425   0.6528802   0.6462318   0.6402052
   4.1006246   0.7002519   0.7017332   0.6943613   0.6865871   0.6788766   0.6710555   0.6636054   0.6568582   0.6507873   0.6451804
   4.1216535   0.7023456   0.7012682   0.6942834   0.6870188   0.6800194   0.6730693   0.6665088   0.6605543   0.6551150   0.6499626
   4.1426823   0.7074071   0.6998086   0.6933223   0.6868296   0.6806668   0.6746815   0.6690960   0.6640001   0.6592362   0.6545650
   4.1637112   0.7063396   0.6973315   0.6915707   0.6860877   0.6808836   0.6759506   0.6714140   0.6672298   0.6631736   0.6590012
   4.1847400   0.6985237   0.6938323   0.6891562   0.6848758   0.6807409   0.6769400   0.6735133   0.6702793   0.6669507   0.6632854
   4.2057688   0.6906189   0.6893924   0.6862361   0.6832893   0.6803163   0.6777174   0.6754467   0.6731859   0.6705917   0.6674321
   4.2267977   0.6861813   0.6842262   0.6829890   0.6814326   0.6796929   0.6783538   0.6772688   0.6759874   0.6741206   0.6714554
   4.2478265   0.6825881   0.6787023   0.6796024   0.6794163   0.6789590   0.6789228   0.6790350   0.6787214   0.6775612   0.6753692
   4.2688554   0.6749182   0.6733264   0.6762581   0.6773532   0.6782067   0.6794996   0.6808006   0.6814249   0.6809363   0.6791866
   4.2898842   0.6618125   0.6686623   0.6731167   0.6753559   0.6775306   0.6801599   0.6826196   0.6841332   0.6842675   0.6829197
   4.3109131   0.6493556   0.6651785   0.6703049   0.6735342   0.6770274   0.6809787   0.6845442   0.6868795   0.6875746   0.6865796
   4.3319419   0.6461029   0.6630668   0.6679107   0.6719950   0.6767940   0.6820288   0.6866229   0.6896939   0.6908750   0.6901755
   4.3529708   0.6540347   0.6621331   0.6659864   0.6708422   0.6769260   0.6833792   0.6889000   0.6926030   0.6941838   0.6937153
   4.3739996   0.6674058   0.6618594   0.6645617   0.6701778   0.6775166   0.6850937   0.6914144   0.6956290   0.6975129   0.6972046
   4.3950284   0.6770342   0.6616403   0.6636615   0.6701033   0.6786544   0.6872292   0.6941986   0.6987893   0.7008711   0.7006473
   4.4160573   0.6749276   0.6610830   0.6633261   0.6707214   0.6804214   0.6898339   0.6972774   0.7020960   0.7042636   0.7040448
   4.4370861   0.6615485   0.6601994   0.6636278   0.6721360   0.6828903   0.6929452   0.7006675   0.7055553   0.7076919   0.7073962
   4.4581150   0.6477804   0.6593858   0.6646798   0.6744516   0.6861220   0.6965888   0.7043765   0.7091676   0.7111536   0.7106984
   4.4791438   0.6442081   0.6592233   0.6666371   0.6777698   0.6901626   0.7007765   0.7084022   0.7129269   0.7146424   0.7139459
   4.5001727   0.6510187   0.6602415   0.6696882   0.6821844   0.6950395   0.7055052   0.7127326   0.7168209   0.7181483   0.7171306
   4.5212015   0.6603187   0.6627898   0.6740417   0.6877741   0.7007588   0.7107559   0.7173454   0.7208310   0.7216573   0.7202423
   4.5422303   0.6651149   0.6670594   0.6799086   0.6945931   0.7073016   0.7164931   0.7222083   0.7249327   0.7251519   0.7232686
   4.5632592   0.6656496   0.6731899   0.6874813   0.7026611   0.7146220   0.7226642   0.7272793   0.7290958   0.7286111   0.7261951
   4.5842880   0.6682035   0.6813601   0.6969121   0.7119527   0.7226448   0.7292008   0.7325073   0.7332848   0.7320110   0.7290055
   4.6053169   0.6778117   0.6918122   0.7082865   0.7223883   0.7312651   0.7360186   0.7378330   0.7374598   0.7353248   0.7316818
   4.6263457   0.6934485   0.7048252   0.7215957   0.7338271   0.7403490   0.7430196   0.7431899   0.7415767   0.7385236   0.7342048
   4.6473746   0.7109840   0.7206731   0.7367076   0.7460641   0.7497356   0.7500939   0.7485059   0.7455887   0.7415764   0.7365541
   4.6684034   0.7277472   0.7395668   0.7533410   0.7588320   0.7592412   0.7571225   0.7537048   0.7494463   0.7444513   0.7387084
   4.6894323   0.7441938   0.7615370   0.7710506   0.7718078   0.7686644   0.7639805   0.7587079   0.7530993   0.7471153   0.7406461
   4.7104611   0.7651946   0.7862346   0.7892305   0.7846262   0.7777931   0.7705401   0.7634357   0.7564967   0.7495352   0.7423452
   4.7314899   0.7968660   0.8127045   0.8071405   0.7968971   0.7864123   0.7766749   0.7678100   0.7595886   0.7516783   0.7437840
   4.7525188   0.8394789   0.8392657   0.8239593   0.8082272   0.7943126   0.7822630   0.7717557   0.7623265   0.7535126   0.7449411
   4.7735476   0.8868535   0.8636423   0.8388595   0.8182440   0.8012987   0.7871913   0.7752022   0.7646644   0.7550074   0.7457960
   4.7945765   0.9292457   0.8833904   0.8510936   0.8266184   0.8071977   0.7913584   0.7780855   0.7665598   0.7561339   0.7463291
   4.8156053   0.9543190   0.8965052   0.8600772   0.8330859   0.8118657   0.7946774   0.7803491   0.7679745   0.7568656   0.7465222
   4.8366342   0.9538528   0.9019703   0.8654535   0.8374619   0.8151941   0.7970790   0.7819453   0.7688746   0.7571788   0.7463586
   4.8576630   0.9321423   0.9000067   0.8671249   0.8396512   0.8171126   0.7985122   0.7828365   0.7692320   0.7570524   0.7458233
   4.8786919   0.9023611   0.8919113   0.8652493   0.8396501   0.8175914   0.7989461   0.7829949   0.7690238   0.7564688   0.7449033
   4.8997207   0.8757956   0.8795705   0.8601995   0.8375408   0.8166404   0.7983692   0.7824034   0.7682332   0.7554139   0.7435879
   4.9207495   0.8568979   0.8648799   0.8524995   0.8334808   0.8143069   0.7967896   0.7810554   0.7668492   0.7538770   0.7418684
   4.9417784   0.8443571   0.8493150   0.8427480   0.8276856   0.8106711   0.7942328   0.7789542   0.7648669   0.7518510   0.7397384
   4.9628072   0.8334162   0.8337821   0.8315466   0.8204113   0.8058403   0.7907405   0.7761122   0.7622870   0.7493327   0.7371940
   4.9838361   0.8198178   0.8187210   0.8194418   0.8119344   0.7999423   0.7863674   0.7725505   0.7591154   0.7463221   0.7342336
   5.0048649   0.8034933   0.8043192   0.8068876   0.8025343   0.7931181   0.7811787   0.7682973   0.7553633   0.7428227   0.7308578
   5.0258938   0.7865546   0.7906849   0.7942307   0.7924781   0.7855146   0.7752470   0.7633869   0.7510461   0.7388414   0.7270698
   5.0469226   0.7704609   0.7778988   0.7817137   0.7820090   0.7772775   0.7686491   0.7578582   0.7461834   0.7343879   0.7228749
   5.0679515   0.7575642   0.7659608   0.7694927   0.7713383   0.7685455   0.7614632   0.7517537   0.7407979   0.7294748   0.7182803
   5.0889803   0.7497971   0.7547172   0.7576620   0.7606406   0.7594445   0.7537658   0.7451177   0.7349151   0.7241170   0.7132956
   5.1100091   0.7450022   0.7438577   0.7462809   0.7500522   0.7500841   0.7456296   0.7379953   0.7285626   0.7183318   0.7079319
   5.1310380   0.7391686   0.7330235   0.7353951   0.7396704   0.7405549   0.7371214   0.7304314   0.7217695   0.7121381   0.7022022
   5.1520668   0.7302502   0.7219953   0.7250494   0.7295553   0.7309266   0.7283007   0.7224694   0.7145659   0.7055567   0.6961209
   5.1730957   0.7171557   0.7108679   0.7152886   0.7197310   0.7212484   0.7192190   0.7141509   0.7069823   0.6986092   0.6897040
   5.1941245   0.6986518   0.7001051   0.7061456   0.7101883   0.7115495   0.7099189   0.7055147   0.6990491   0.6913187   0.6829685
   5.2151534   0.6768891   0.6904129   0.6976208   0.7008879   0.7018414   0.7004349   0.6965966   0.6907964   0.6837086   0.6759324
   5.2361822   0.6601517   0.6824626   0.6896582   0.6917645   0.6921205   0.6907932   0.6874292   0.6822538   0.6758030   0.6686147
   5.2572111   0.6564342   0.6765785   0.6821272   0.6827327   0.6823715   0.6810133   0.6780419   0.6734498   0.6676262   0.6610350
   5.2782399   0.6639890   0.6725352   0.6748171   0.6736937   0.6725710   0.6711086   0.6684609   0.6644119   0.6592024   0.6532135
   5.2992687   0.6736734   0.6695561   0.6674492   0.6645447   0.6626915   0.6610878   0.6587097   0.6551666   0.6505561   0.6451707
   5.3202976   0.6784480   0.6664959   0.6597087   0.6551875   0.6527046   0.6509567   0.6488095   0.6457391   0.6417111   0.6369275
   5.3413264   0.6763231   0.6621129   0.6512902   0.6455388   0.6425849   0.6407190   0.6387792   0.6361536   0.6326912   0.6285048
   5.3623553   0.6694018   0.6553267   0.6419487   0.6355374   0.6323120   0.6303778   0.6286363   0.6264332   0.6235197   0.6199235
   5.3833841   0.6619519   0.6454142   0.6315454   0.6251512   0.6218731   0.6199370   0.6183974   0.6166002   0.6142195   0.6112046
   5.4044130   0.6539712   0.6321523   0.6200765   0.6143792   0.6112637   0.6094019   0.6080783   0.6066760   0.6048129   0.6023687
   5.4254418   0.6379638   0.6159114   0.6076781   0.6032510   0.6004879   0.5987797   0.5976947   0.5966813   0.5953216   0.5934364
   5.4464706   0.6078155   0.5976605   0.5946046   0.5918220   0.5895586   0.5880808   0.5872627   0.5866363   0.5857670   0.5844277
   5.4674995   0.5693174   0.5788139   0.5811849   0.5801660   0.5784957   0.5773181   0.5767985   0.5765607   0.5761697   0.5753623
   5.4885283   0.5363309   0.5609047   0.5677645   0.5683654   0.5673255   0.5665078   0.5663193   0.5664739   0.5665499   0.5662597
   5.5095572   0.5178241   0.5451719   0.5546466   0.5565023   0.5560784   0.5556687   0.5558431   0.5563949   0.5569270   0.5571384
   5.5305860   0.5125298   0.5322236   0.5420446   0.5446489   0.5447879   0.5448226   0.5453885   0.5463427   0.5473202   0.5480169
   5.5516149   0.5135360   0.5219233   0.5300541   0.5328623   0.5334887   0.5339933   0.5349752   0.5363359   0.5377477   0.5389127
   5.5726437   0.5145085   0.5135342   0.5186502   0.5211813   0.5222159   0.5232067   0.5246235   0.5263929   0.5282274   0.5298428
   5.5936726   0.5125852   0.5060352   0.5077077   0.5096269   0.5110044   0.5124900   0.5143544   0.5165319   0.5187765   0.5208237
   5.6147014   0.5073618   0.4984558   0.4970383   0.4982068   0.4998885   0.5018713   0.5041890   0.5067708   0.5094113   0.5118711
   5.6357302   0.4986030   0.4900986   0.4864349   0.4869214   0.4889017   0.4913793   0.4941487   0.4971269   0.5001478   0.5029998
   5.6567591   0.4862199   0.4805995   0.4757160   0.4757710   0.4780775   0.4810427   0.4842545   0.4876171   0.4910010   0.4942241
   5.6777879   0.4719444   0.4698593   0.4647607   0.4647633   0.4674490   0.4708894   0.4745272   0.4782577   0.4819852   0.4855574
   5.6988168   0.4593704   0.4579332   0.4535302   0.4539183   0.4570493   0.4609464   0.4649864   0.4690641   0.4731139   0.4770124
   5.7198456   0.4501284   0.4449638   0.4420759   0.4432718   0.4469116   0.4512394   0.4556511   0.4600508   0.4643996   0.4686010
   5.7408745   0.4399548   0.4311913   0.4305326   0.4328754   0.4370684   0.4417920   0.4465384   0.4512314   0.4558541   0.4603340
   5.7619033   0.4227006   0.4170064   0.4191003   0.4227932   0.4275510   0.4326254   0.4376640   0.4426181   0.4474880   0.4522218
   5.7829322   0.3989060   0.4029738   0.4080176   0.4130965   0.4183880   0.4237580   0.4290420   0.4342221   0.4393112   0.4442734
   5.8039610   0.3766149   0.3897716   0.3975299   0.4038568   0.4096048   0.4152052   0.4206839   0.4260531   0.4313322   0.4364974
   5.8249898   0.3630582   0.3780556   0.3878577   0.3951374   0.4012213   0.4069787   0.4125996   0.4181194   0.4235587   0.4289014
   5.8460187   0.3572767   0.3683106   0.3791680   0.3869867   0.3932516   0.3990869   0.4047963   0.4104278   0.4159973   0.4214919
   5.8670475   0.3525534   0.3607562   0.3715532   0.3794322   0.3857023   0.3915342   0.3972793   0.4029837   0.4086535   0.4142749
   5.8880764   0.3460981   0.3553312   0.3650203   0.3724770   0.3785727   0.3843215   0.3900513   0.3957909   0.4015318   0.4072554
   5.9091052   0.3424103   0.3517381   0.3594915   0.3660992   0.3718541   0.3774460   0.3831130   0.3888520   0.3946355   0.4004375
   5.9301341   0.3449428   0.3495152   0.3548161   0.3602540   0.3655309   0.3709017   0.3764631   0.3821678   0.3879670   0.3938246
   5.9511629   0.3496610   0.3481175   0.3507910   0.3548786   0.3595814   0.3646797   0.3700982   0.3757382   0.3815278   0.3874194
   5.9721918   0.3511348   0.3469953   0.3471869   0.3498981   0.3539791   0.3587685   0.3640134   0.3695616   0.3753184   0.3812237
   5.9932206   0.3495218   0.3456606   0.3437767   0.3452334   0.3486947   0.3531547   0.3582023   0.3636354   0.3693386   0.3752389
   6.0142494   0.3472074   0.3437281   0.3403617   0.3408083   0.3436977   0.3478238   0.3526572   0.3579559   0.3635871   0.3694655
   6.0352783   0.3446697   0.3409295   0.3367920   0.3365563   0.3389582   0.3427602   0.3473696   0.3525188   0.3580623   0.3639034
   6.0563071   0.3422048   0.3371193   0.3329805   0.3324251   0.3344486   0.3379483   0.3423300   0.3473190   0.3527618   0.3585523
   6.0773360   0.3395579   0.3322928   0.3289063   0.3283798   0.3301448   0.3333724   0.3375288   0.3423506   0.3476826   0.3534110
   6.0983648   0.3336727   0.3266116   0.3246103   0.3244033   0.3260264   0.3290178   0.3329561   0.3376077   0.3428214   0.3484782
   6.1193937   0.3224566   0.3204116   0.3201814   0.3204949   0.3220780   0.3248707   0.3286019   0.3330838   0.3381746   0.3437520
   6.1404225   0.3093258   0.3141559   0.3157382   0.3166669   0.3182882   0.3209182   0.3244566   0.3287726   0.3337382   0.3392305
   6.1614514   0.2996396   0.3083301   0.3114067   0.3129406   0.3146495   0.3171489   0.3205109   0.3246675   0.3295081   0.3349111
   6.1824802   0.2950561   0.3033147   0.3073006   0.3093412   0.3111573   0.3135530   0.3167561   0.3207623   0.3254802   0.3307914
   6.2035090   0.2936561   0.2992917   0.3035048   0.3058937   0.3078093   0.3101215   0.3131840   0.3170508   0.3216501   0.3268686
   6.2245379   0.2933101   0.2962270   0.3000668   0.3026187   0.3046040   0.3068470   0.3097874   0.3135273   0.3180138   0.3231400
   6.2455667   0.2933254   0.2939264   0.2969952   0.2995300   0.3015404   0.3037231   0.3065598   0.3101864   0.3145672   0.3196026
   6.2665956   0.2929611   0.2921274   0.2942651   0.2966330   0.2986170   0.3007446   0.3034953   0.3070232   0.3113064   0.3162535
   6.2876244   0.2911295   0.2905786   0.2918291   0.2939241   0.2958311   0.2979072   0.3005893   0.3040333   0.3082278   0.3130899
   6.3086533   0.2886794   0.2890802   0.2896293   0.2913924   0.2931792   0.2952073   0.2978377   0.3012128   0.3053279   0.3101089
   6.3296821   0.2873700   0.2874899   0.2876084   0.2890200   0.2906569   0.2926423   0.2952376   0.2985582   0.3026034   0.3073076
   6.3507109   0.2870485   0.2857228   0.2857174   0.2867852   0.2882590   0.2902107   0.2927867   0.2960669   0.3000515   0.3046833
   6.3717398   0.2865760   0.2837657   0.2839181   0.2846637   0.2859805   0.2879113   0.2904835   0.2937365   0.2976695   0.3022333
   6.3927686   0.2849070   0.2817023   0.2821804   0.2826318   0.2838170   0.2857443   0.2883273   0.2915653   0.2954549   0.2999550
   6.4137975   0.2804049   0.2797150   0.2804774   0.2806685   0.2817655   0.2837106   0.2863182   0.2895518   0.2934056   0.2978459
   6.4348263   0.2731569   0.2780286   0.2787791   0.2787577   0.2798251   0.2818121   0.2844567   0.2876952   0.2915197   0.2959036
   6.4558552   0.2675421   0.2767932   0.2770497   0.2768902   0.2779975   0.2800515   0.2827440   0.2859948   0.2897955   0.2941257
   6.4768840   0.2684191   0.2759581   0.2752503   0.2750656   0.2762874   0.2784325   0.2811817   0.2844505   0.2882312   0.2925098
   6.4979129   0.2755700   0.2752174   0.2733471   0.2732933   0.2747023   0.2769595   0.2797716   0.2830620   0.2868256   0.2910537
   6.5189417   0.2836122   0.2740855   0.2713254   0.2715929   0.2732523   0.2756374   0.2785159   0.2818295   0.2855771   0.2897551
   6.5399705   0.2860833   0.2720870   0.2692035   0.2699936   0.2719499   0.2744717   0.2774168   0.2807531   0.2844845   0.2886116
   6.5609994   0.2801899   0.2689785   0.2670441   0.2685325   0.2708088   0.2734678   0.2764764   0.2798329   0.2835465   0.2876210
   6.5820282   0.2688399   0.2648956   0.2649555   0.2672512   0.2698431   0.2726310   0.2756968   0.2790689   0.2827615   0.2867807
   6.6030571   0.2574391   0.2603588   0.2630825   0.2661925   0.2690662   0.2719663   0.2750797   0.2784610   0.2821280   0.2860884
   6.6240859   0.2488814   0.2561447   0.2615847   0.2653954   0.2684900   0.2714778   0.2746265   0.2780088   0.2816445   0.2855413
   6.6451148   0.2426001   0.2530772   0.2606088   0.2648910   0.2681237   0.2711689   0.2743380   0.2777117   0.2813089   0.2851367
   6.6661436   0.2380208   0.2518090   0.2602596   0.2646989   0.2679733   0.2710416   0.2742145   0.2775686   0.2811192   0.2848716
   6.6871725   0.2371363   0.2526461   0.2605766   0.2648244   0.2680408   0.2710968   0.2742557   0.2775781   0.2810730   0.2847428
   6.7082013   0.2428387   0.2554553   0.2615247   0.2652581   0.2683247   0.2713340   0.2744604   0.2777383   0.2811676   0.2847470
   6.7292301   0.2552867   0.2596837   0.2629993   0.2659771   0.2688198   0.2717512   0.2748269   0.2780467   0.2813998   0.2848805
   6.7502590   0.2701184   0.2644986   0.2648458   0.2669478   0.2695176   0.2723453   0.2753524   0.2785005   0.2817664   0.2851394
   6.7712878   0.2811488   0.2690189   0.2668888   0.2681303   0.2704075   0.2731118   0.2760337   0.2790962   0.2822634   0.2855196
   6.7923167   0.2854228   0.2725642   0.2689636   0.2694831   0.2714774   0.2740453   0.2768665   0.2798298   0.2828867   0.2860165
   6.8133455   0.2842881   0.2748304   0.2709433   0.2709685   0.2727147   0.2751392   0.2778460   0.2806967   0.2836315   0.2866253
   6.8343744   0.2801139   0.2759245   0.2727549   0.2725557   0.2741068   0.2763864   0.2789665   0.2816918   0.2844929   0.2873412
   6.8554032   0.2744273   0.2762519   0.2743842   0.2742242   0.2756423   0.2777792   0.2802219   0.2828094   0.2854654   0.2881586
   6.8764321   0.2695844   0.2763170   0.2758685   0.2759649   0.2773111   0.2793093   0.2816051   0.2840433   0.2865430   0.2890719
   6.8974609   0.2693835   0.2765309   0.2772818   0.2777788   0.2791043   0.2809681   0.2831089   0.2853867   0.2877194   0.2900753
   6.9184897   0.2748935   0.2771110   0.2787169   0.2796754   0.2810146   0.2827467   0.2847251   0.2868325   0.2889880   0.2911625
   6.9395186   0.2812401   0.2781021   0.2802678   0.2816694   0.2830354   0.2846360   0.2864454   0.2883729   0.2903417   0.2923271
   6.9605474   0.2827087   0.2794775   0.2820167   0.2837773   0.2851606   0.2866265   0.2882609   0.2899998   0.2917730   0.2935624
   6.9815763   0.2798121   0.2812393   0.2840246   0.2860131   0.2873839   0.2887087   0.2901624   0.2917047   0.2932743   0.2948616
   7.0026051   0.2776771   0.2834517   0.2863270   0.2883858   0.2896982   0.2908727   0.2921401   0.2934787   0.2948374   0.2962176
   7.0236340   0.2797592   0.2861957   0.2889325   0.2908967   0.2920952   0.2931081   0.2941843   0.2953125   0.2964542   0.2976234
   7.0446628   0.2857042   0.2894918   0.2918246   0.2935381   0.2945647   0.2954045   0.2962846   0.2971966   0.2981160   0.2990718
   7.0656917   0.2928358   0.2932547   0.2949647   0.2962932   0.2970951   0.2977511   0.2984305   0.2991212   0.2998144   0.3005553
   7.0867205   0.2987862   0.2973126   0.2982955   0.2991370   0.2996730   0.3001368   0.3006113   0.3010762   0.3015404   0.3020669
   7.1077493   0.3035566   0.3014752   0.3017464   0.3020383   0.3022840   0.3025502   0.3028160   0.3030515   0.3032854   0.3035993
   7.1287782   0.3077952   0.3056037   0.3052380   0.3049618   0.3049129   0.3049797   0.3050334   0.3050367   0.3050405   0.3051456
   7.1498070   0.3105699   0.3096378   0.3086873   0.3078715   0.3075443   0.3074137   0.3072521   0.3070215   0.3067969   0.3066988
   7.1708359   0.3118056   0.3135626   0.3120138   0.3107339   0.3101635   0.3098402   0.3094605   0.3089954   0.3085462   0.3082524
   7.1918647   0.3145224   0.3173391   0.3151454   0.3135203   0.3127567   0.3122474   0.3116471   0.3109481   0.3102800   0.3098002
   7.2128936   0.3208935   0.3208454   0.3180254   0.3162099   0.3153117   0.3146232   0.3138000   0.3128695   0.3119901   0.3113362
   7.2339224   0.3282925   0.3238747   0.3206195   0.3187907   0.3178177   0.3169554   0.3159076   0.3147496   0.3136691   0.3128551
   7.2549513   0.3333858   0.3262063   0.3229215   0.3212608   0.3202656   0.3192317   0.3179579   0.3165788   0.3153097   0.3143520
   7.2759801   0.3360310   0.3277200   0.3249568   0.3236271   0.3226473   0.3214397   0.3199395   0.3183480   0.3169053   0.3158229
   7.2970089   0.3351944   0.3284902   0.3267818   0.3259039   0.3249550   0.3235665   0.3218410   0.3200484   0.3184501   0.3172641
   7.3180378   0.3289071   0.3288007   0.3284779   0.3281099   0.3271808   0.3255992   0.3236511   0.3216721   0.3199389   0.3186731
   7.3390666   0.3214051   0.3290615   0.3301420   0.3302643   0.3293154   0.3275243   0.3253595   0.3232121   0.3213676   0.3200480
   7.3600955   0.3206576   0.3296690   0.3318725   0.3323826   0.3313475   0.3293284   0.3269562   0.3246620   0.3227328   0.3213878
   7.3811243   0.3270657   0.3308863   0.3337552   0.3344720   0.3332627   0.3309977   0.3284322   0.3260170   0.3240324   0.3226929
   7.4021532   0.3332230   0.3327989   0.3358490   0.3365282   0.3350439   0.3325191   0.3297796   0.3272730   0.3252655   0.3239644
   7.4231820   0.3350408   0.3353561   0.3381757   0.3385319   0.3366705   0.3338794   0.3309918   0.3284277   0.3264324   0.3252048
   7.4442108   0.3358481   0.3384498   0.3407117   0.3404479   0.3381191   0.3350669   0.3320640   0.3294803   0.3275348   0.3264177
   7.4652397   0.3395966   0.3419787   0.3433858   0.3422256   0.3393647   0.3360710   0.3329930   0.3304314   0.3285759   0.3276081
   7.4862685   0.3453407   0.3458611   0.3460790   0.3438014   0.3403819   0.3368835   0.3337779   0.3312837   0.3295604   0.3287823
   7.5072974   0.3495713   0.3499983   0.3486306   0.3451036   0.3411464   0.3374987   0.3344201   0.3320418   0.3304947   0.3299480
   7.5283262   0.3518844   0.3542093   0.3508485   0.3460581   0.3416377   0.3379144   0.3349237   0.3327121   0.3313868   0.3311143
   7.5493551   0.3561002   0.3581732   0.3525252   0.3465959   0.3418408   0.3381323   0.3352955   0.3333033   0.3322464   0.3322920
   7.5703839   0.3650363   0.3614150   0.3534592   0.3466613   0.3417482   0.3381585   0.3355451   0.3338263   0.3330850   0.3334930
   7.5914128   0.3754412   0.3633633   0.3534802   0.3462184   0.3413617   0.3380043   0.3356855   0.3342940   0.3339160   0.3347312
   7.6124416   0.3800357   0.3634698   0.3524761   0.3452577   0.3406938   0.3376855   0.3357322   0.3347217   0.3347544   0.3360216
   7.6334704   0.3755391   0.3613504   0.3504152   0.3437995   0.3397680   0.3372234   0.3357041   0.3351266   0.3356172   0.3373811
   7.6544993   0.3663405   0.3568959   0.3473620   0.3418951   0.3386188   0.3366442   0.3356228   0.3355284   0.3365232   0.3388277
   7.6755281   0.3577470   0.3503218   0.3434794   0.3396250   0.3372912   0.3359785   0.3355128   0.3359487   0.3374927   0.3403813
   7.6965570   0.3490979   0.3421629   0.3390172   0.3370937   0.3358388   0.3352612   0.3354010   0.3364111   0.3385482   0.3420631
   7.7175858   0.3367450   0.3332264   0.3342854   0.3344225   0.3343218   0.3345303   0.3353165   0.3369411   0.3397135   0.3438956
   7.7386147   0.3200618   0.3244987   0.3296174   0.3317411   0.3328048   0.3338267   0.3352906   0.3375662   0.3410144   0.3459028
   7.7596435   0.3026730   0.3169902   0.3253287   0.3291779   0.3313541   0.3331926   0.3353562   0.3383154   0.3424781   0.3481100
   7.7806724   0.2905433   0.3115255   0.3216789   0.3268515   0.3300350   0.3326715   0.3355477   0.3392196   0.3441334   0.3505435
   7.8017012   0.2883443   0.3085332   0.3188436   0.3248637   0.3289097   0.3323068   0.3359004   0.3403109   0.3460105   0.3532309
   7.8227300   0.2956717   0.3079294   0.3169030   0.3232943   0.3280350   0.3321413   0.3364508   0.3416231   0.3481412   0.3562007
   7.8437589   0.3072684   0.3091641   0.3158470   0.3221998   0.3274616   0.3322165   0.3372358   0.3431913   0.3505583   0.3594822
   7.8647877   0.3174011   0.3114267   0.3155959   0.3216134   0.3272325   0.3325726   0.3382932   0.3450516   0.3532959   0.3631054
   7.8858166   0.3231679   0.3139275   0.3160297   0.3215479   0.3273837   0.3332476   0.3396609   0.3472417   0.3563893   0.3671009
   7.9068454   0.3235799   0.3161306   0.3170197   0.3220003   0.3279441   0.3342782   0.3413775   0.3498002   0.3598745   0.3714993
   7.9278743   0.3192604   0.3178520   0.3184548   0.3229568   0.3289371   0.3356992   0.3434822   0.3527668   0.3637882   0.3763317
   7.9489031   0.3150129   0.3192125   0.3202577   0.3243982   0.3303813   0.3375442   0.3460145   0.3561824   0.3681680   0.3816286
   7.9699320   0.3165183   0.3205095   0.3223886   0.3263049   0.3322926   0.3398464   0.3490150   0.3600888   0.3730515   0.3874205
   7.9909608   0.3220001   0.3220864   0.3248401   0.3286601   0.3346859   0.3426387   0.3525253   0.3645286   0.3784766   0.3937367
   8.0119896   0.3240556   0.3242421   0.3276253   0.3314537   0.3375768   0.3459549   0.3565882   0.3695454   0.3844810   0.4006058
   8.0330185   0.3210374   0.3271730   0.3307642   0.3346833   0.3409832   0.3498302   0.3612480   0.3751835   0.3911020   0.4080549
   8.0540473   0.3201816   0.3309270   0.3342752   0.3383563   0.3449269   0.3543022   0.3665509   0.3814876   0.3983759   0.4161091
   8.0750762   0.3282841   0.3353775   0.3381708   0.3424900   0.3494345   0.3594116   0.3725447   0.3885027   0.4063378   0.4247916
   8.0961050   0.3430112   0.3402552   0.3424608   0.3471121   0.3545389   0.3652028   0.3792794   0.3962736   0.4150212   0.4341229
   8.1171339   0.3548923   0.3452559   0.3471603   0.3522607   0.3602794   0.3717246   0.3868069   0.4048450   0.4244573   0.4441203
   8.1381627   0.3573773   0.3501846   0.3522992   0.3579843   0.3667029   0.3790307   0.3951811   0.4142601   0.4346745   0.4547978
   8.1591916   0.3536400   0.3550541   0.3579299   0.3643409   0.3738636   0.3871802   0.4044574   0.4245609   0.4456980   0.4661652
   8.1802204   0.3524151   0.3600792   0.3641317   0.3713978   0.3818237   0.3962372   0.4146922   0.4357871   0.4575486   0.4782281
   8.2012492   0.3583597   0.3655812   0.3710094   0.3792297   0.3906534   0.4062714   0.4259423   0.4479750   0.4702428   0.4909870
   8.2222781   0.3683315   0.3718769   0.3786868   0.3879182   0.4004308   0.4173570   0.4382641   0.4611569   0.4837914   0.5044369
   8.2433069   0.3767715   0.3792196   0.3872972   0.3975498   0.4112426   0.4295729   0.4517123   0.4753602   0.4981991   0.5185673
   8.2643358   0.3828846   0.3878069   0.3969717   0.4082155   0.4231836   0.4430007   0.4663384   0.4906058   0.5134637   0.5333611
   8.2853646   0.3903841   0.3978143   0.4078294   0.4200102   0.4363570   0.4577239   0.4821893   0.5069072   0.5295753   0.5487947
   8.3063935   0.4009863   0.4094040   0.4199694   0.4330333   0.4508741   0.4738258   0.4993053   0.5242692   0.5465158   0.5648375
   8.3274223   0.4131268   0.4226934   0.4334674   0.4473911   0.4668535   0.4913871   0.5177180   0.5426864   0.5642577   0.5814516
   8.3484511   0.4274282   0.4377076   0.4483780   0.4631999   0.4844202   0.5104826   0.5374480   0.5621423   0.5827642   0.5985915
   8.3694800   0.4468183   0.4543592   0.4647410   0.4805900   0.5037030   0.5311784   0.5585028   0.5826077   0.6019882   0.6162043
   8.3905088   0.4699940   0.4724812   0.4825943   0.4997107   0.5248312   0.5535273   0.5808741   0.6040399   0.6218718   0.6342291
   8.4115377   0.4914565   0.4919029   0.5019907   0.5207342   0.5479305   0.5775650   0.6045356   0.6263812   0.6423465   0.6525975
   8.4325665   0.5093331   0.5125268   0.5230191   0.5438580   0.5731155   0.6033049   0.6294407   0.6495585   0.6633324   0.6712335
   8.4535954   0.5272789   0.5343636   0.5458286   0.5693031   0.6004827   0.6307338   0.6555203   0.6734824   0.6847388   0.6900537
   8.4746242   0.5488025   0.5575155   0.5706532   0.5973081   0.6301002   0.6598069   0.6826812   0.6980469   0.7064638   0.7089678
   8.4956531   0.5743065   0.5821355   0.5978348   0.6281154   0.6619975   0.6904432   0.7108050   0.7231292   0.7283952   0.7278791
   8.5166819   0.6022850   0.6084140   0.6278375   0.6619509   0.6961535   0.7225222   0.7397466   0.7485902   0.7504105   0.7466847
   8.5377107   0.6306757   0.6366324   0.6612463   0.6989960   0.7324851   0.7558803   0.7693346   0.7742749   0.7723781   0.7652767
   8.5587396   0.6583729   0.6672893   0.6987389   0.7393525   0.7708370   0.7903097   0.7993717   0.8000132   0.7941581   0.7835428
   8.5797684   0.6871486   0.7012793   0.7410209   0.7830051   0.8109732   0.8255571   0.8296354   0.8256216   0.8156034   0.8013670
   8.6007973   0.7199868   0.7400686   0.7887191   0.8297833   0.8525717   0.8613252   0.8598803   0.8509045   0.8365610   0.8186309
   8.6218261   0.7560145   0.7857796   0.8422342   0.8793292   0.8952234   0.8972759   0.8898405   0.8756566   0.8568737   0.8352145
   8.6428550   0.7927114   0.8410494   0.9015702   0.9310768   0.9384355   0.9330339   0.9192334   0.8996652   0.8763816   0.8509977
   8.6638838   0.8349498   0.9085185   0.9661684   0.9842473   0.9816404   0.9681937   0.9477633   0.9227127   0.8949239   0.8658612
   8.6849127   0.8953872   0.9898871   1.0347886   1.0378649   1.0242098   1.0023272   0.9751260   0.9445795   0.9123409   0.8796880
   8.7059415   0.9862122   1.0846826   1.1054781   1.0907945   1.0654726   1.0349922   1.0010143   0.9650477   0.9284759   0.8923643
   8.7269703   1.1153055   1.1891562   1.1756616   1.1417992   1.1047374   1.0657430   1.0251232   0.9839035   0.9431771   0.9037812
   8.7479992   1.2864741   1.2959193   1.2423625   1.1896144   1.1413158   1.0941402   1.0471553   1.0009410   0.9562998   0.9138357
   8.7690280   1.4897511   1.3948331   1.3025321   1.2330281   1.1745477   1.1197620   1.0668268   1.0159655   0.9677084   0.9224320
   8.7900569   1.6802024   1.4752085   1.3534337   1.2709606   1.2038239   1.1422136   1.0838729   1.0287963   0.9772780   0.9294827
   8.8110857   1.7845194   1.5286920   1.3930087   1.3025321   1.2286066   1.1611374   1.0980528   1.0392700   0.9848964   0.9349096
   8.8321146   1.7618619   1.5517007   1.4201438   1.3271091   1.2484457   1.1762212   1.1091548   1.0472433   0.9904656   0.9386453
   8.8531434   1.6490828   1.5463271   1.4347829   1.3443257   1.2629895   1.1872049   1.1170002   1.0525950   0.9939035   0.9406332
   8.8741723   1.5222576   1.5193210   1.4378545   1.3540750   1.2719905   1.1938864   1.1214469   1.0552288   0.9951447   0.9408291
   8.8952011   1.4316148   1.4796994   1.4310321   1.3564762   1.2753054   1.1961247   1.1223921   1.0550743   0.9941420   0.9392011
   8.9162299   1.3838348   1.4361375   1.4163788   1.3518210   1.2728918   1.1938428   1.1197742   1.0520886   0.9908666   0.9357307
   8.9372588   1.3594468   1.3951832   1.3959512   1.3405116   1.2647996   1.1870271   1.1135738   1.0462568   0.9853092   0.9304125
   8.9582876   1.3347620   1.3606585   1.3714424   1.3229982   1.2511626   1.1757269   1.1038138   1.0375924   0.9774796   0.9232546
   8.9793165   1.3008381   1.3338837   1.3439297   1.2997279   1.2321870   1.1600513   1.0905586   1.0261371   0.9674069   0.9142785
   9.0003453   1.2688416   1.3140704   1.3137688   1.2711115   1.2081421   1.1401662   1.0739125   1.0119601   0.9551391   0.9035192
   9.0213742   1.2568195   1.2984969   1.2806445   1.2375121   1.1793507   1.1162889   1.0540178   0.9951565   0.9407425   0.8910241
   9.0424030   1.2750729   1.2826087   1.2437581   1.1992542   1.1461817   1.0886829   1.0310511   0.9758462   0.9243007   0.8768532
   9.0634319   1.3190986   1.2605124   1.2021071   1.1566504   1.1090438   1.0576521   1.0052204   0.9541719   0.9059134   0.8610781
   9.0844607   1.3586952   1.2261914   1.1547970   1.1100368   1.0683803   1.0235341   0.9767608   0.9302963   0.8856952   0.8437812
   9.1054895   1.3407561   1.1752453   1.1013231   1.0598095   1.0246639   0.9866933   0.9459300   0.9043999   0.8637742   0.8250546
   9.1265184   1.2336599   1.1064457   1.0417647   1.0064529   0.9783920   0.9475142   0.9130039   0.8766784   0.8402900   0.8049996
   9.1475472   1.0665029   1.0223203   0.9768592   0.9505545   0.9300802   0.9063941   0.8782716   0.8473390   0.8153920   0.7837249
   9.1685761   0.9005731   0.9284214   0.9079471   0.8928015   0.8802546   0.8637363   0.8420308   0.8165982   0.7892375   0.7613460
   9.1896049   0.7712929   0.8316235   0.8368063   0.8339594   0.8294433   0.8199431   0.8045828   0.7846782   0.7619899   0.7379834
   9.2106338   0.6748428   0.7382543   0.7654187   0.7748361   0.7781651   0.7754094   0.7662283   0.7518041   0.7338166   0.7137620
   9.2316626   0.5963775   0.6528206   0.6957186   0.7162362   0.7269192   0.7305164   0.7272627   0.7182009   0.7048870   0.6888090
   9.2526915   0.5296519   0.5776502   0.6293705   0.6589129   0.6761732   0.6856259   0.6879727   0.6840906   0.6753707   0.6632533
   9.2737203   0.4729071   0.5132662   0.5676121   0.6035234   0.6263529   0.6410759   0.6486322   0.6496901   0.6454357   0.6372239
   9.2947491   0.4230744   0.4590535   0.5111775   0.5505954   0.5778339   0.5971763   0.6094997   0.6152081   0.6152466   0.6108491
   9.3157780   0.3791036   0.4138283   0.4602979   0.5005067   0.5309345   0.5542055   0.5708154   0.5808435   0.5849629   0.5842545
   9.3368068   0.3445130   0.3761482   0.4147661   0.4534805   0.4859130   0.5124086   0.5327994   0.5467836   0.5547381   0.5575628
   9.3578357   0.3223852   0.3444132   0.3740423   0.4095965   0.4429668   0.4719964   0.4956501   0.5132023   0.5247174   0.5308926
   9.3788645   0.3088179   0.3169011   0.3373804   0.3688130   0.4022354   0.4331446   0.4595431   0.4802591   0.4950378   0.5043570
   9.3998934   0.2948089   0.2918485   0.3039550   0.3309983   0.3638056   0.3959953   0.4246307   0.4480979   0.4658261   0.4780634
   9.4209222   0.2754212   0.2676039   0.2729769   0.2959650   0.3277182   0.3606577   0.3910421   0.4168470   0.4371989   0.4521125
   9.4419510   0.2528848   0.2428167   0.2437852   0.2635042   0.2939767   0.3272107   0.3588833   0.3866178   0.4092614   0.4265978
   9.4629799   0.2294815   0.2166096   0.2159111   0.2334140   0.2625555   0.2957056   0.3282384   0.3575058   0.3821078   0.4016053
   9.4840087   0.2028940   0.1887028   0.1891074   0.2055209   0.2334083   0.2661683   0.2991700   0.3295899   0.3558202   0.3772126
   9.5050376   0.1698583   0.1594639   0.1633458   0.1796924   0.2064747   0.2386030   0.2717207   0.3029333   0.3304693   0.3534894
   9.5260664   0.1300617   0.1298560   0.1387826   0.1558400   0.1816859   0.2129946   0.2459150   0.2775838   0.3061138   0.3304969
   9.5470953   0.0871907   0.1012563   0.1157013   0.1339148   0.1589687   0.1893119   0.2217599   0.2535746   0.2828014   0.3082876
   9.5681241   0.0486514   0.0751563   0.0944419   0.1138970   0.1382476   0.1675099   0.1992474   0.2309255   0.2605685   0.2869060
   9.5891530   0.0215539   0.0528136   0.0753287   0.0957819   0.1194458   0.1475321   0.1783558   0.2096432   0.2394409   0.2663882
   9.6101818   0.0073089   0.0349685   0.0586093   0.0795650   0.1024843   0.1293128   0.1590514   0.1897232   0.2194347   0.2467622
   9.6312106   0.0018496   0.0217241   0.0444134   0.0652290   0.0872818   0.1127784   0.1412900   0.1711500   0.2005561   0.2280486
   9.6522395   0.0003436   0.0126176   0.0327349   0.0527333   0.0737527   0.0978492   0.1250189   0.1538989   0.1828032   0.2102605
   9.6732683   0.0000464   0.0068305   0.0234389   0.0420081   0.0618065   0.0844403   0.1101776   0.1379371   0.1661657   0.1934039
   9.6942972   0.0000045   0.0034376   0.0162867   0.0329531   0.0513469   0.0724631   0.0967001   0.1232244   0.1506263   0.1774788
   9.7153260   0.0000003   0.0016048   0.0109722   0.0254399   0.0422714   0.0618260   0.0845157   0.1097147   0.1361615   0.1624790
   9.7363549   0.0000000   0.0006937   0.0071608   0.0193178   0.0344726   0.0524354   0.0735502   0.0973569   0.1227419   0.1483928
   9.7573837   0.0000000   0.0002772   0.0045240   0.0144218   0.0278384   0.0441969   0.0637271   0.0860961   0.1103335   0.1352037
   9.7784126   0.0000000   0.0001023   0.0027650   0.0105806   0.0222546   0.0370159   0.0549688   0.0758744   0.0988983   0.1228909
   9.7994414   0.0000000   0.0000348   0.0016340   0.0076255   0.0176065   0.0307987   0.0471972   0.0666317   0.0883947   0.1114299
   9.8204702   0.0000000   0.0000109   0.0009331   0.0053970   0.0137811   0.0254532   0.0403350   0.0583068   0.0787789   0.1007926
   9.8414991   0.0000000   0.0000032   0.0005147   0.0037498   0.0106695   0.0208903   0.0343061   0.0508380   0.0700050   0.0909484
   9.8625279   0.0000000   0.0000008   0.0002741   0.0025571   0.0081688   0.0170242   0.0290362   0.0441638   0.0620258   0.0818645
   9.8835568   0.0000000   0.0000002   0.0001409   0.0017109   0.0061835   0.0137733   0.0244537   0.0382235   0.0547934   0.0735063
   9.9045856   0.0000000   0.0000000   0.0000699   0.0011230   0.0046268   0.0110610   0.0204902   0.0329578   0.0482599   0.0658378
   9.9256145   0.0000000   0.0000000   0.0000334   0.0007230   0.0034217   0.0088160   0.0170806   0.0283092   0.0423772   0.0588224
   9.9466433   0.0000000   0.0000000   0.0000154   0.0004564   0.0025005   0.0069729   0.0141636   0.0242222   0.0370985   0.0524226
   9.9676722   0.0000000   0.0000000   0.0000069   0.0002825   0.0018054   0.0054722   0.0116821   0.0206441   0.0323776   0.0466013
   9.9887010   0.0000000   0.0000000   0.0000029   0.0001714   0.0012878   0.0042606   0.0095832   0.0175246   0.0281699   0.0413213
  10.0097298   0.0000000   0.0000000   0.0000012   0.0001019   0.0009074   0.0032907   0.0078181   0.0148167   0.0244324   0.0365459
  10.0307587   0.0000000   0.0000000   0.0000005   0.0000594   0.0006314   0.0025210   0.0063425   0.0124762   0.0211238   0.0322394
  10.0517875   0.0000000   0.0000000   0.0000002   0.0000339   0.0004339   0.0019155   0.0051163   0.0104621   0.0182051   0.0283667
  10.0728164   0.0000000   0.0000000   0.0000001   0.0000190   0.0002945   0.0014434   0.0041035   0.0087366   0.0156392   0.0248943
  10.0938452   0.0000000   0.0000000   0.0000000   0.0000104   0.0001973   0.0010785   0.0032721   0.0072648   0.0133914   0.0217897
  10.1148741   0.0000000   0.0000000   0.0000000   0.0000056   0.0001306   0.0007991   0.0025939   0.0060152   0.0114290   0.0190220
  10.1359029   0.0000000   0.0000000   0.0000000   0.0000029   0.0000853   0.0005870   0.0020440   0.0049591   0.0097221   0.0165618
  10.1569318   0.0000000   0.0000000   0.0000000   0.0000015   0.0000550   0.0004275   0.0016011   0.0040705   0.0082424   0.0143813
  10.1779606   0.0000000   0.0000000   0.0000000   0.0000008   0.0000350   0.0003087   0.0012465   0.0033265   0.0069645   0.0124543
  10.1989894   0.0000000   0.0000000   0.0000000   0.0000004   0.0000220   0.0002209   0.0009646   0.0027063   0.0058648   0.0107563
  10.2200183   0.0000000   0.0000000   0.0000000   0.0000002   0.0000136   0.0001567   0.0007418   0.0021919   0.0049218   0.0092645
  10.2410471   0.0000000   0.0000000   0.0000000   0.0000001   0.0000083   0.0001102   0.0005670   0.0017673   0.0041162   0.0079578
  10.2620760   0.0000000   0.0000000   0.0000000   0.0000000   0.0000050   0.0000768   0.0004306   0.0014184   0.0034305   0.0068165
  10.2831048   0.0000000   0.0000000   0.0000000   0.0000000   0.0000030   0.0000531   0.0003250   0.0011331   0.0028491   0.0058227
  10.3041337   0.0000000   0.0000000   0.0000000   0.0000000   0.0000018   0.0000363   0.0002437   0.0009010   0.0023578   0.0049599
  10.3251625   0.0000000   0.0000000   0.0000000   0.0000000   0.0000010   0.0000246   0.0001816   0.0007132   0.0019443   0.0042131
  10.3461913   0.0000000   0.0000000   0.0000000   0.0000000   0.0000006   0.0000166   0.0001345   0.0005618   0.0015976   0.0035686
  10.3672202   0.0000000   0.0000000   0.0000000   0.0000000   0.0000003   0.0000110   0.0000989   0.0004404   0.0013080   0.0030141
  10.3882490   0.0000000   0.0000000   0.0000000   0.0000000   0.0000002   0.0000073   0.0000723   0.0003437   0.0010670   0.0025385
  10.4092779   0.0000000   0.0000000   0.0000000   0.0000000   0.0000001   0.0000048   0.0000525   0.0002669   0.0008673   0.0021318
  10.4303067   0.0000000   0.0000000   0.0000000   0.0000000   0.0000001   0.0000031   0.0000379   0.0002062   0.0007023   0.0017850
  10.4513356   0.0000000   0.0000000   0.0000000   0.0000000   0.0000000   0.0000020   0.0000271   0.0001586   0.0005666   0.0014904
  10.4723644   0.0000000   0.0000000   0.0000000   0.0000000   0.0000000   0.0000013   0.0000193   0.0001214   0.0004555   0.0012407
  10.4933933   0.0000000   0.0000000   0.0000000   0.0000000   0.0000000   0.0000008   0.0000137   0.0000924   0.0003647   0.0010298
  10.5144221   0.0000000   0.0000000   0.0000000   0.0000000   0.0000000   0.0000005   0.0000096   0.0000701   0.0002910   0.0008522
# Integrated el-ph coupling
#              1.3434919   1.3437897   1.3442890   1.3449946   1.3459157   1.3470678   1.3484678   1.3501277   1.3520514   1.3542363
# Phonon smearing (meV)
#              0.0500000   0.1000000   0.1500000   0.2000000   0.2500000   0.3000000   0.3500000   0.4000000   0.4500000   0.5000000
# Electron smearing (eV)   0.0200000
# Fermi window (eV)   6.0000000
# Summed el-ph coupling    1.2457620
